Number of Delta-8 related tweets: 483
Percentage of Delta-8 related tweets: 100.00%
Average sentiment of Delta-8 tweets: 0.0824
Top keywords in Delta-8 tweets:
delta: 51.77989327154532
thc: 19.824408460883255
shit: 13.76983210076719
like: 13.567761517722149
high: 12.908946559971897
just: 12.606614747731063
weed: 11.47729296820355
cbd: 11.178840768998176
gummies: 9.361444602104475
legal: 8.945951424979434
edibles: 8.167153122542539
good: 7.980323605008753
really: 7.759397155334121
products: 7.62072521060177
tried: 7.539772570794915