Number of Delta-8 related tweets: 491
Percentage of Delta-8 related tweets: 99.19%
Average sentiment of Delta-8 tweets: 0.1256
Top keywords in Delta-8 tweets:
delta: 49.62249064473752
like: 18.05431433333674
thc: 17.716485247418127
just: 17.354595849831327
weed: 16.378367779078495
gummies: 14.927070945159057
shit: 11.903477283619212
cbd: 10.95727904208294
legal: 10.817999218769325
good: 9.800705437375752
don: 9.372688277716549
high: 8.818154603354884
edibles: 8.60237223297143
sleep: 8.57891729447352
really: 8.172270583542055